[0.133,0.108],
[19.586,300],
[1.985,2.122],
[17.047,300],
[0.071,0.068],
[41.264,300],
[8.957,300],
[0.044,300],
[300,300],
[300,43.773],
[0.036,0.01],
[0.019,300],
[0.483,0.483],
[0.619,0.7],
[300,300],
[0.341,300],
[300,300],
[300,300],
[0.047,300],
[0.297,0.278],
[300,300],
[300,300],
[0.558,0.494],
[31.161,37.857],
[7.72,300],
[0.312,0.177],
[5.509,300],
[300,300],
[300,300],
[0.01,0.012],
[300,300],
[300,300],
[0.805,0.882],
[0.635,0.486],
[300,300],
[9.54,1.764],
[300,300],
[0.397,1.474],
[1.424,1.537],
[5.556,1.936],
[70.019,7.98],
[0.272,300],
[0.463,0.065],
[2.966,300],
[0.762,300],
[300,300],
[300,300],
[1.266,1.474],
[1.083,1.026],
[300,300],
[300,300],
[0.324,0.249],
[2.561,2.971],
[19.391,300],
[17.034,6.882],
[300,300],
[0.749,300],
[0.015,0.032],
[300,300],
[21.174,0.91],
[3.944,300],
[300,300],
[1.738,37.77],
[0.336,186.914],
[9.463,0.526],
[0.043,300],
[163.901,300],
[0.308,300],
[0.02,0.018],
[300,300],
[300,300],
[300,300],
[300,300],
[9.999,300],
[300,300],
[0.171,0.094],
[300,300],
[0.298,0.304],
[300,300],
[0.062,0.066],
[1.091,0.384],
[0.009,0.008],
[300,0.014],
[0.022,0.022],
[0.775,0.051],
[300,300],
[0.076,300],
[0.712,0.799],
[300,300],
[1.315,300],
[10.764,300],
[21.545,300],
[300,6.983],
[300,300],
[300,300],
[300,300],
[1.482,1.402],
[0.55,0.2],
[6.366,7.08],
[0.021,0.018],
[1.353,1.091],
[0.602,300],
[0.011,300],
[300,300],
[0.132,0.154],
[300,300],
[0.073,0.061],
[24.967,300],
[17.666,300],
[1.025,1.113],
[300,300],
[300,300],
[2.601,300],
[4.037,300],
[0.231,0.449],
[300,300],
[34.703,5.97],
[0.034,300],
[213.646,300],
[300,300],
[300,300],
[300,300],
[0.006,300],
[300,300],
[4.12,300],
[300,300],
[57.693,1.646],
[0.105,0.056],
[0.202,0.227],
[0.022,0.017],
[0.022,1.292],
[300,300],
[300,300],
[4.724,3.696],
[16.254,300],
[0.273,5.268],
[300,300],
[6.282,300],
[300,300],
[300,300],
[1.151,300],
[0.03,0.032],
[300,300],
[0.626,0.703],
[0.002,0.001],
[0.094,0.102],
[0.624,7.089],
[0.215,1.745],
[0.051,0.052],
[0.538,0.632],
[0.259,0.186],
[0.109,300],
[2.328,2.25],
[0.961,1.015],
[0.693,0.773],
[0.393,0.42],
[0.043,300],
[300,300],
[0.033,300],
[0.034,300],
[300,300],
[0.077,0.067],
[3.838,4.955],
[300,300],
[0.241,0.265],
[1.106,1.163],
[300,300],
[1.199,300],
[0.263,0.189],
[300,300],
[300,300],
[0.091,0.061],
[300,300],
[300,300],
[300,300],
[0.226,0.064],
[300,300],
[300,300],
[0.383,19.987],
[0.137,300],
[300,300],
[0.012,300],
[300,300],
[300,300],
[300,300],
[300,300],
[300,300],
[24.629,300],
[300,300],
[300,300],
[300,300],
[300,300],
[10.553,300],
[4.927,0.39],
[0.581,0.176],
[2.553,300],
[1.366,300],
[0.113,300],
[29.155,14.137],
[0.032,0.049],
[0.263,0.287],
[0.076,0.048],
[14.594,8.726],
[0.111,300],
[1.049,300],
[0.7,300],
[5.813,4.433],
[0.028,0.023],
[300,300],
[0.07,300],
[5.644,300],
[4.863,4.976],
[300,300],
[300,300],
[300,300],
[7.653,4.28],
[0.682,0.585],
[300,300],
[300,300],
[300,300],
[300,300],
[1.364,1.141],
[12.417,300],
[0.899,22.483],
[0.08,0.044],
[0.032,8.979],
[8.338,0.171],
[59.433,0.761],
[0.006,300],
[0.041,300],
[0.274,0.31],
[300,300],
[300,300],
[0.335,0.419],
[0.492,0.104],
[0.243,300],
[27.138,141.135],
[2.473,2.157],
[1.128,0.705],
[41.92,5.862],
[300,300],
[300,300],
[0.074,0.068],
[57.506,1.686],
[300,300],
[0.279,0.258],
[0.218,300],
[19.497,1.298],
[0.113,300],
[300,300],
[0.076,0.085],
[300,300],
[0.062,0.047],
[0.289,300],
[300,300],
[8.518,10.91],
[300,300],
[0.357,0.291],
[0.128,0.144],
[33.312,300],
[300,300],
[0.55,300],
[9.164,7.565],
[0.066,0.067],
[6.394,300],
[18.237,300],
[79.841,300],
[0.108,300],
[4.101,300],
[300,300],
[0.033,300],
[300,300],
[0.123,0.142],
[300,300],
[0.03,0.033],
[211.002,300],
[1.698,300],
[0.489,24.502],
[300,300],
[300,300],
[300,300],
[300,300],
[0.038,300],
[0.166,0.183],
[0.048,300],
[259.98,300],
[242.412,18.632],
[0.319,0.356],
[300,300],
[1.541,0.041],
[0.042,300],
[300,300],
[300,300],
[300,300],
[32.996,300],
[300,300],
[0.35,0.306],
[5.514,300],
[1.755,300],
[300,300],
[3.856,300],
[0.146,0.142],
[300,300],
[0.01,300],
[0.709,300],
[300,300],
[0.263,0.29],
[0.721,300],
[9.755,300],
[59.46,300],
[0.12,0.054],
[13.408,1.847],
[0.286,0.221],
[0.024,0.015],
[300,300],
[300,300],
[0.067,0.111],
[1.212,1.391],
[0.01,0.012],
[0.085,300],
[0.008,0.215],
[0.163,300],
[1.051,135.713],
[0.123,0.11],
[300,300],
[300,300],
[7.268,4.587],
[0.469,0.147],
[4.693,0.469],
[2.311,300],
[3.551,2.468],
[1.182,23.376],
[300,300],
[0.502,300],
[300,300],
[1.487,300],
[0.286,300],
[0.0,0.0],
[7.18,7.267],
[1.14,0.102],
[253.613,300],
[0.111,0.12],
[0.054,0.055],
[49.337,300],
[10.472,95.188],
[0.696,0.516],
[300,300],
[300,300],
[0.685,300],
[300,300],
[300,300],
[1.05,300],
[300,300],
[0.247,0.199],
[300,132.112],
[300,300],
[300,300],
[300,300],
[300,300],
[300,300],
[300,300],
[300,300],
[300,300],
[300,300],
[300,300],
[0.017,300],
[0.016,300],
[0.021,300],
[0.019,300],
[0.018,300],
[0.017,300],
[0.017,300],
[0.017,300],
[0.017,300],
[0.016,300],
[0.169,13.934],
[0.098,300],
[0.104,300],
[0.131,11.324],
[0.107,300],
[0.151,6.787],
[0.119,300],
[0.131,11.889],
[0.113,17.976],
[0.154,14.181],
[0.14,300],
[0.154,11.539],
[0.141,300],
[0.152,300],
[0.113,300],
[0.141,11.799],
[0.072,300],
[0.123,12.012],
[0.169,300],
[0.201,11.791],
[0.52,300],
[0.528,300],
[0.482,300],
[0.454,300],
[0.602,300],
[0.497,300],
[0.477,300],
[0.487,300],
[0.548,300],
[0.798,300],
[0.646,64.075],
[1.135,300],
[1.047,300],
[0.801,70.82],
[0.869,300],
[0.695,68.438],
[0.83,300],
[0.734,64.364],
[0.881,300],
[0.709,67.927],
[1.089,300],
[0.715,65.887],
[1.147,300],
[0.747,72.555],
[1.122,300],
[0.745,66.423],
[0.795,300],
[0.671,66.411],
[1.005,300],
[0.659,66.449],
[3.21,300],
[3.426,300],
[4.61,300],
[4.015,300],
[3.055,300],
[3.354,300],
[3.72,300],
[2.884,300],
[2.991,300],
[4.714,300],
[7.982,300],
[8.105,300],
[9.091,300],
[9.942,300],
[11.409,300],
[8.476,300],
[13.294,300],
[9.743,300],
[11.517,300],
[10.446,300],
[0.0,300],
[0.0,300],
[0.0,300],
[0.0,300],
[0.0,300],
[0.0,300],
[0.0,300],
[0.0,300],
[0.0,300],
[0.0,300],
[52.889,300],
[75.183,300],
[86.433,300],
[58.509,300],
[55.32,300],
[69.273,300],
[78.813,300],
[95.033,300],
[69.65,300],
[43.642,300],
[192.131,300],
[165.578,300],
[200.419,300],
[191.773,300],
[245.76,300],
[139.066,300],
[197.557,300],
[164.974,300],
[170.22,300],
[283.026,300],
[0.001,300],
[0.001,300],
[0.001,300],
[0.001,300],
[0.001,300],
[0.001,300],
[0.001,300],
[0.001,300],
[0.001,300],
[0.001,300],
[0.003,300],
[0.003,300],
[0.003,300],
[0.003,300],
[0.003,300],
[0.004,300],
[0.005,300],
[0.004,300],
[0.004,300],
[0.004,300],
