[0.133,0.19],
[19.586,113.0],
[1.985,1.81],
[17.047,7.0],
[0.071,0.21],
[41.264,17.0],
[8.957,208.0],
[0.044,6.0],
[300,272.0],
[300,300],
[0.036,0.05],
[0.019,0.04],
[0.483,2.26],
[0.619,1.25],
[300,247.0],
[0.341,0.01],
[300,1.0],
[300,300],
[0.047,0.02],
[0.297,4.31],
[300,300],
[300,300],
[0.558,1.84],
[31.161,300],
[7.72,1.63],
[0.312,0.36],
[5.509,1.33],
[300,0.0],
[300,300],
[0.01,0.05],
[300,300],
[300,300],
[0.805,5.38],
[0.635,0.43],
[300,2.0],
[9.54,1.0],
[300,300],
[0.397,25.0],
[1.424,5.71],
[5.556,8.45],
[70.019,20.74],
[0.272,0.2],
[0.463,0.32],
[2.966,1.89],
[0.762,3.53],
[300,300],
[300,1.05],
[1.266,300],
[1.083,2.83],
[300,11.0],
[300,300],
[0.324,0.81],
[2.561,8.09],
[19.391,0.0],
[17.034,71.89],
[300,55.0],
[0.749,2.38],
[0.015,0.0],
[300,300],
[21.174,2.37],
[3.944,1.0],
[300,0.44],
[1.738,5.01],
[0.336,40.0],
[9.463,2.0],
[0.043,0.02],
[163.901,0.15],
[0.308,0.54],
[0.02,0.04],
[300,156.0],
[300,300],
[300,300],
[300,300],
[9.999,0.78],
[300,13.81],
[0.171,0.12],
[300,300],
[0.298,0.91],
[300,3.0],
[0.062,0.24],
[1.091,22.51],
[0.009,0.01],
[300,4.0],
[0.022,0.03],
[0.775,4.0],
[300,300],
[0.076,0.03],
[0.712,2.01],
[300,205.0],
[1.315,1.0],
[10.764,300],
[21.545,9.0],
[300,300],
[300,144.0],
[300,300],
[300,0.1],
[1.482,5.1],
[0.55,0.29],
[6.366,13.71],
[0.021,0.07],
[1.353,3.87],
[0.602,2.95],
[0.011,0.01],
[300,300],
[0.132,0.1],
[300,300],
[0.073,0.13],
[24.967,300],
[17.666,1.28],
[1.025,8.4],
[300,300],
[300,300],
[2.601,8.0],
[4.037,28.0],
[0.231,1.7],
[300,300],
[34.703,40.4],
[0.034,0.01],
[213.646,0.59],
[300,300],
[300,300],
[300,300],
[0.006,0.01],
[300,300],
[4.12,25.0],
[300,153.0],
[57.693,4.96],
[0.105,0.23],
[0.202,1.48],
[0.022,0.03],
[0.022,0.03],
[300,300],
[300,300],
[4.724,11.52],
[16.254,8.0],
[0.273,1.0],
[300,300],
[6.282,23.0],
[300,300],
[300,300],
[1.151,0.0],
[0.03,0.55],
[300,300],
[0.626,1.84],
[0.002,0.0],
[0.094,0.63],
[0.624,2.0],
[0.215,9.0],
[0.051,0.16],
[0.538,5.72],
[0.259,0.7],
[0.109,0.01],
[2.328,2.6],
[0.961,6.69],
[0.693,4.42],
[0.393,3.57],
[0.043,0.02],
[300,300],
[0.033,0.07],
[0.034,0.0],
[300,300],
[0.077,0.17],
[3.838,20.26],
[300,114.0],
[0.241,2.69],
[1.106,16.22],
[300,263.0],
[1.199,14.55],
[0.263,0.78],
[300,297.0],
[300,300],
[0.091,0.15],
[300,300],
[300,300],
[300,300],
[0.226,3.0],
[300,15.0],
[300,300],
[0.383,0.0],
[0.137,0.19],
[300,180.0],
[0.012,0.01],
[300,0.69],
[300,300],
[300,300],
[300,300],
[300,0.02],
[24.629,300],
[300,300],
[300,300],
[300,300],
[300,300],
[10.553,0.2],
[4.927,300],
[0.581,0.24],
[2.553,300],
[1.366,0.29],
[0.113,0.13],
[29.155,50.49],
[0.032,0.01],
[0.263,2.46],
[0.076,0.14],
[14.594,8.26],
[0.111,0.14],
[1.049,1.32],
[0.7,5.17],
[5.813,34.45],
[0.028,0.13],
[300,3.68],
[0.07,1.03],
[5.644,1.25],
[4.863,21.97],
[300,300],
[300,300],
[300,0.0],
[7.653,17.73],
[0.682,3.32],
[300,300],
[300,300],
[300,300],
[300,0.81],
[1.364,0.33],
[12.417,2.24],
[0.899,300],
[0.08,0.14],
[0.032,0.0],
[8.338,70.0],
[59.433,5.34],
[0.006,0.01],
[0.041,0.02],
[0.274,2.93],
[300,11.53],
[300,300],
[0.335,0.84],
[0.492,0.25],
[0.243,0.08],
[27.138,256.0],
[2.473,1.0],
[1.128,44.8],
[41.92,20.98],
[300,300],
[300,300],
[0.074,0.7],
[57.506,5.41],
[300,300],
[0.279,0.31],
[0.218,0.36],
[19.497,2.59],
[0.113,0.11],
[300,300],
[0.076,0.6],
[300,300],
[0.062,0.17],
[0.289,0.02],
[300,300],
[8.518,46.83],
[300,300],
[0.357,0.51],
[0.128,0.23],
[33.312,300],
[300,300],
[0.55,0.01],
[9.164,29.74],
[0.066,0.11],
[6.394,67.0],
[18.237,1.58],
[79.841,104.0],
[0.108,0.11],
[4.101,29.0],
[300,92.0],
[0.033,0.02],
[300,11.12],
[0.123,0.03],
[300,45.0],
[0.03,0.25],
[211.002,300],
[1.698,9.0],
[0.489,14.0],
[300,300],
[300,300],
[300,300],
[300,3.98],
[0.038,0.02],
[0.166,1.26],
[0.048,0.02],
[259.98,2.0],
[242.412,100.21],
[0.319,1.98],
[300,300],
[1.541,0.0],
[0.042,0.08],
[300,0.0],
[300,1.0],
[300,300],
[32.996,0.0],
[300,74.0],
[0.35,0.87],
[5.514,300],
[1.755,3.44],
[300,300],
[3.856,34.0],
[0.146,0.42],
[300,300],
[0.01,0.01],
[0.709,4.46],
[300,161.0],
[0.263,0.58],
[0.721,0.9],
[9.755,3.0],
[59.46,300],
[0.12,0.09],
[13.408,3.18],
[0.286,0.95],
[0.024,0.02],
[300,147.0],
[300,300],
[0.067,12.0],
[1.212,2.81],
[0.01,0.0],
[0.085,0.01],
[0.008,0.01],
[0.163,0.39],
[1.051,21.0],
[0.123,0.44],
[300,300],
[300,300],
[7.268,23.18],
[0.469,0.66],
[4.693,4.17],
[2.311,109.0],
[3.551,5.45],
[1.182,22.0],
[300,208.0],
[0.502,0.96],
[300,300],
[1.487,0.34],
[0.286,0.52],
[0.0,0.0],
[7.18,28.71],
[1.14,58.0],
[253.613,300],
[0.111,0.62],
[0.054,0.41],
[49.337,0.33],
[10.472,4.23],
[0.696,2.31],
[300,300],
[300,300],
[0.685,0.03],
[300,300],
[300,300],
[1.05,71.0],
[300,300],
[0.247,0.69],
[300,48.0],
[300,300],
[300,300],
[300,300],
[300,300],
[300,300],
[300,300],
[300,300],
[300,300],
[300,300],
[300,300],
[0.017,0.0],
[0.016,0.0],
[0.021,0.0],
[0.019,0.0],
[0.018,0.0],
[0.017,0.0],
[0.017,0.0],
[0.017,0.0],
[0.017,0.0],
[0.016,0.0],
[0.169,25.0],
[0.098,0.0],
[0.104,0.0],
[0.131,14.0],
[0.107,3.0],
[0.151,9.0],
[0.119,2.0],
[0.131,21.0],
[0.113,0.0],
[0.154,15.0],
[0.14,1.0],
[0.154,25.0],
[0.141,5.0],
[0.152,28.0],
[0.113,0.0],
[0.141,17.0],
[0.072,0.0],
[0.123,15.0],
[0.169,0.0],
[0.201,2.0],
[0.52,14.0],
[0.528,17.0],
[0.482,30.0],
[0.454,28.0],
[0.602,68.0],
[0.497,13.0],
[0.477,6.0],
[0.487,35.0],
[0.548,1.0],
[0.798,30.0],
[0.646,174.0],
[1.135,92.0],
[1.047,37.0],
[0.801,48.0],
[0.869,16.0],
[0.695,151.0],
[0.83,102.0],
[0.734,113.0],
[0.881,130.0],
[0.709,119.0],
[1.089,55.0],
[0.715,217.0],
[1.147,27.0],
[0.747,282.0],
[1.122,300],
[0.745,97.0],
[0.795,12.0],
[0.671,161.0],
[1.005,44.0],
[0.659,91.0],
[3.21,124.0],
[3.426,300],
[4.61,300],
[4.015,100.0],
[3.055,300],
[3.354,300],
[3.72,46.0],
[2.884,300],
[2.991,300],
[4.714,300],
[7.982,255.0],
[8.105,300],
[9.091,201.0],
[9.942,300],
[11.409,300],
[8.476,300],
[13.294,300],
[9.743,300],
[11.517,300],
[10.446,300],
[0.0,0.0],
[0.0,0.0],
[0.0,0.0],
[0.0,0.0],
[0.0,0.0],
[0.0,0.0],
[0.0,0.0],
[0.0,0.0],
[0.0,0.0],
[0.0,0.0],
[52.889,300],
[75.183,300],
[86.433,300],
[58.509,300],
[55.32,300],
[69.273,300],
[78.813,300],
[95.033,300],
[69.65,300],
[43.642,300],
[192.131,300],
[165.578,300],
[200.419,300],
[191.773,300],
[245.76,300],
[139.066,300],
[197.557,300],
[164.974,300],
[170.22,300],
[283.026,300],
[0.001,0.0],
[0.001,0.0],
[0.001,0.0],
[0.001,0.0],
[0.001,0.0],
[0.001,0.0],
[0.001,0.0],
[0.001,0.0],
[0.001,0.0],
[0.001,0.0],
[0.003,0.0],
[0.003,0.0],
[0.003,0.0],
[0.003,0.0],
[0.003,0.0],
[0.004,0.0],
[0.005,0.0],
[0.004,0.0],
[0.004,0.0],
[0.004,0.0],
