[0.133,0.2],
[19.586,138.0],
[1.985,2.06],
[17.047,7.0],
[0.071,0.23],
[41.264,17.0],
[8.957,300],
[0.044,0.0],
[300,33.0],
[300,300],
[0.036,0.04],
[0.019,0.04],
[0.483,2.79],
[0.619,1.25],
[300,96.0],
[0.341,0.01],
[300,5.0],
[300,300],
[0.047,0.04],
[0.297,3.86],
[300,300],
[300,300],
[0.558,1.52],
[31.161,300],
[7.72,1.7],
[0.312,0.37],
[5.509,1.31],
[300,0.0],
[300,300],
[0.01,0.07],
[300,300],
[300,300],
[0.805,5.68],
[0.635,0.4],
[300,2.0],
[9.54,1.0],
[300,300],
[0.397,24.0],
[1.424,5.67],
[5.556,8.34],
[70.019,24.65],
[0.272,0.21],
[0.463,0.28],
[2.966,1.94],
[0.762,2.66],
[300,300],
[300,1.25],
[1.266,300],
[1.083,2.68],
[300,12.0],
[300,300],
[0.324,0.8],
[2.561,9.02],
[19.391,0.0],
[17.034,79.15],
[300,251.0],
[0.749,2.62],
[0.015,0.0],
[300,85.0],
[21.174,2.66],
[3.944,1.0],
[300,0.45],
[1.738,6.56],
[0.336,18.0],
[9.463,2.44],
[0.043,0.02],
[163.901,0.17],
[0.308,0.62],
[0.02,0.04],
[300,300],
[300,300],
[300,300],
[300,300],
[9.999,0.61],
[300,13.81],
[0.171,0.1],
[300,300],
[0.298,0.83],
[300,23.0],
[0.062,0.27],
[1.091,21.59],
[0.009,0.03],
[300,9.0],
[0.022,0.02],
[0.775,4.0],
[300,300],
[0.076,0.02],
[0.712,2.14],
[300,238.0],
[1.315,1.02],
[10.764,300],
[21.545,8.0],
[300,300],
[300,164.0],
[300,300],
[300,0.13],
[1.482,4.19],
[0.55,0.25],
[6.366,14.67],
[0.021,0.11],
[1.353,5.13],
[0.602,2.94],
[0.011,0.01],
[300,300],
[0.132,0.22],
[300,300],
[0.073,0.18],
[24.967,300],
[17.666,1.24],
[1.025,7.84],
[300,300],
[300,300],
[2.601,36.0],
[4.037,27.0],
[0.231,1.54],
[300,300],
[34.703,40.83],
[0.034,0.01],
[213.646,0.4],
[300,300],
[300,300],
[300,300],
[0.006,0.01],
[300,256.0],
[4.12,17.0],
[300,194.0],
[57.693,4.67],
[0.105,0.27],
[0.202,1.23],
[0.022,0.02],
[0.022,0.02],
[300,300],
[300,300],
[4.724,13.58],
[16.254,10.0],
[0.273,1.0],
[300,300],
[6.282,5.0],
[300,300],
[300,300],
[1.151,0.0],
[0.03,0.37],
[300,300],
[0.626,2.86],
[0.002,0.0],
[0.094,0.62],
[0.624,3.0],
[0.215,9.0],
[0.051,0.22],
[0.538,6.51],
[0.259,0.87],
[0.109,0.01],
[2.328,2.79],
[0.961,6.81],
[0.693,6.29],
[0.393,3.21],
[0.043,0.03],
[300,26.0],
[0.033,0.06],
[0.034,0.0],
[300,300],
[0.077,0.17],
[3.838,24.08],
[300,56.0],
[0.241,2.3],
[1.106,21.77],
[300,183.0],
[1.199,17.71],
[0.263,0.84],
[300,258.0],
[300,300],
[0.091,0.2],
[300,300],
[300,300],
[300,300],
[0.226,25.0],
[300,26.0],
[300,300],
[0.383,0.0],
[0.137,0.22],
[300,241.0],
[0.012,0.01],
[300,0.75],
[300,300],
[300,300],
[300,300],
[300,0.03],
[24.629,300],
[300,300],
[300,300],
[300,300],
[300,300],
[10.553,0.2],
[4.927,300],
[0.581,0.31],
[2.553,300],
[1.366,0.35],
[0.113,0.15],
[29.155,52.05],
[0.032,0.01],
[0.263,2.53],
[0.076,0.15],
[14.594,7.98],
[0.111,0.11],
[1.049,1.54],
[0.7,5.93],
[5.813,35.36],
[0.028,0.12],
[300,4.11],
[0.07,1.91],
[5.644,1.3],
[4.863,21.51],
[300,300],
[300,300],
[300,0.0],
[7.653,15.74],
[0.682,2.97],
[300,300],
[300,300],
[300,300],
[300,0.66],
[1.364,0.28],
[12.417,2.68],
[0.899,230.0],
[0.08,0.15],
[0.032,0.0],
[8.338,300],
[59.433,6.25],
[0.006,0.01],
[0.041,0.03],
[0.274,4.23],
[300,12.52],
[300,300],
[0.335,0.88],
[0.492,0.27],
[0.243,0.07],
[27.138,258.0],
[2.473,1.0],
[1.128,39.75],
[41.92,22.17],
[300,300],
[300,300],
[0.074,0.81],
[57.506,5.89],
[300,300],
[0.279,0.33],
[0.218,0.41],
[19.497,2.78],
[0.113,0.13],
[300,300],
[0.076,0.72],
[300,300],
[0.062,0.22],
[0.289,0.02],
[300,300],
[8.518,57.37],
[300,300],
[0.357,0.65],
[0.128,0.31],
[33.312,300],
[300,300],
[0.55,0.02],
[9.164,28.54],
[0.066,0.11],
[6.394,300],
[18.237,1.21],
[79.841,68.0],
[0.108,0.16],
[4.101,23.0],
[300,88.0],
[0.033,0.03],
[300,11.12],
[0.123,0.03],
[300,40.0],
[0.03,0.29],
[211.002,300],
[1.698,10.0],
[0.489,33.0],
[300,300],
[300,300],
[300,300],
[300,4.47],
[0.038,0.02],
[0.166,1.53],
[0.048,0.02],
[259.98,7.0],
[242.412,101.8],
[0.319,2.33],
[300,300],
[1.541,0.0],
[0.042,0.09],
[300,24.0],
[300,4.0],
[300,300],
[32.996,0.0],
[300,62.0],
[0.35,0.99],
[5.514,300],
[1.755,2.34],
[300,300],
[3.856,15.0],
[0.146,0.54],
[300,300],
[0.01,0.01],
[0.709,5.9],
[300,300],
[0.263,1.01],
[0.721,0.54],
[9.755,3.0],
[59.46,300],
[0.12,0.12],
[13.408,3.0],
[0.286,1.14],
[0.024,0.02],
[300,244.0],
[300,300],
[0.067,11.0],
[1.212,2.97],
[0.01,0.0],
[0.085,0.01],
[0.008,0.01],
[0.163,0.34],
[1.051,21.0],
[0.123,0.48],
[300,300],
[300,300],
[7.268,23.26],
[0.469,0.71],
[4.693,4.94],
[2.311,300],
[3.551,8.11],
[1.182,25.0],
[300,300],
[0.502,1.04],
[300,300],
[1.487,0.35],
[0.286,0.67],
[0.0,0.0],
[7.18,28.63],
[1.14,300],
[253.613,300],
[0.111,0.58],
[0.054,0.42],
[49.337,0.41],
[10.472,4.13],
[0.696,3.1],
[300,200.0],
[300,300],
[0.685,0.02],
[300,300],
[300,300],
[1.05,69.0],
[300,300],
[0.247,0.92],
[300,48.0],
[300,300],
[300,300],
[300,300],
[300,300],
[300,300],
[300,300],
[300,300],
[300,300],
[300,300],
[300,300],
[0.017,0.0],
[0.016,0.0],
[0.021,1.0],
[0.019,1.0],
[0.018,0.0],
[0.017,1.0],
[0.017,0.0],
[0.017,1.0],
[0.017,0.0],
[0.016,1.0],
[0.169,8.0],
[0.098,15.0],
[0.104,2.0],
[0.131,6.0],
[0.107,2.0],
[0.151,8.0],
[0.119,2.0],
[0.131,6.0],
[0.113,1.0],
[0.154,39.0],
[0.14,4.0],
[0.154,6.0],
[0.141,1.0],
[0.152,6.0],
[0.113,3.0],
[0.141,62.0],
[0.072,2.0],
[0.123,5.0],
[0.169,2.0],
[0.201,24.0],
[0.52,94.0],
[0.528,58.0],
[0.482,58.0],
[0.454,40.0],
[0.602,62.0],
[0.497,69.0],
[0.477,49.0],
[0.487,22.0],
[0.548,37.0],
[0.798,7.0],
[0.646,300],
[1.135,14.0],
[1.047,40.0],
[0.801,287.0],
[0.869,80.0],
[0.695,300],
[0.83,58.0],
[0.734,41.0],
[0.881,67.0],
[0.709,35.0],
[1.089,58.0],
[0.715,300],
[1.147,186.0],
[0.747,300],
[1.122,125.0],
[0.745,21.0],
[0.795,228.0],
[0.671,300],
[1.005,12.0],
[0.659,28.0],
[3.21,300],
[3.426,300],
[4.61,165.0],
[4.015,300],
[3.055,105.0],
[3.354,256.0],
[3.72,300],
[2.884,300],
[2.991,300],
[4.714,158.0],
[7.982,300],
[8.105,261.0],
[9.091,300],
[9.942,300],
[11.409,300],
[8.476,239.0],
[13.294,300],
[9.743,300],
[11.517,300],
[10.446,300],
[0.0,0.0],
[0.0,0.0],
[0.0,0.0],
[0.0,0.0],
[0.0,0.0],
[0.0,0.0],
[0.0,0.0],
[0.0,0.0],
[0.0,0.0],
[0.0,0.0],
[52.889,300],
[75.183,300],
[86.433,300],
[58.509,300],
[55.32,300],
[69.273,300],
[78.813,300],
[95.033,300],
[69.65,300],
[43.642,300],
[192.131,300],
[165.578,300],
[200.419,300],
[191.773,300],
[245.76,300],
[139.066,300],
[197.557,300],
[164.974,300],
[170.22,300],
[283.026,300],
[0.001,0.0],
[0.001,0.0],
[0.001,0.0],
[0.001,0.0],
[0.001,0.0],
[0.001,0.0],
[0.001,0.0],
[0.001,0.0],
[0.001,0.0],
[0.001,0.0],
[0.003,0.0],
[0.003,0.0],
[0.003,0.0],
[0.003,0.0],
[0.003,0.0],
[0.004,0.0],
[0.005,0.0],
[0.004,0.0],
[0.004,0.0],
[0.004,0.0],
[0.54,0.67],
[0.483,0.74],
[0.679,0.83],
[0.482,0.83],
[0.519,0.7],
[0.49,0.71],
[0.485,0.66],
[0.482,0.68],
[0.545,0.66],
[0.505,0.66],
[0.478,0.68],
[0.621,0.68],
[0.499,0.68],
[0.506,0.68],
[0.555,0.69],
[0.477,0.7],
[0.498,0.68],
[0.486,0.68],
[0.585,0.7],
[0.517,0.7],
[0.716,0.91],
[0.695,1.18],
[0.678,0.87],
[0.629,0.87],
[0.787,0.93],
[0.776,0.94],
[0.673,0.85],
[0.69,0.85],
[0.703,0.83],
[0.791,0.86],
[0.656,0.85],
[0.705,0.86],
[0.749,0.87],
[0.683,0.84],
[0.745,0.89],
[0.729,0.83],
[0.796,1.09],
[0.713,0.81],
[0.683,0.85],
[0.693,1.06],
[2.853,3.99],
[3.786,3.97],
[3.886,4.1],
[3.268,3.66],
[3.613,3.83],
[2.591,3.72],
[3.004,3.47],
[2.888,4.04],
[2.685,3.72],
[3.198,3.54],
[2.782,3.69],
[2.659,3.78],
[2.783,3.66],
[3.581,3.57],
[3.136,3.67],
[3.111,3.61],
[3.399,3.76],
[3.815,3.8],
[3.173,3.71],
[3.751,3.99],
