[0.133,1.7],
[19.586,300],
[1.985,4.0],
[17.047,300],
[0.071,0.3],
[41.264,300],
[8.957,300],
[0.044,0.5],
[300,300],
[300,300],
[0.036,0.3],
[0.019,0.4],
[0.483,300.0],
[0.619,1.7],
[300,300],
[0.341,0.4],
[300,300],
[300,300],
[0.047,0.2],
[0.297,2.9],
[300,300],
[300,300],
[0.558,1.4],
[31.161,300],
[7.72,73.8],
[0.312,1.6],
[5.509,5.5],
[300,0.1],
[300,300],
[0.01,0.1],
[300,300],
[300,300],
[0.805,2.5],
[0.635,300],
[300,0.9],
[9.54,2.8],
[300,300],
[0.397,108.0],
[1.424,3.9],
[5.556,50.7],
[70.019,300],
[0.272,4.4],
[0.463,2.3],
[2.966,300],
[0.762,53.8],
[300,300],
[300,300],
[1.266,300],
[1.083,72.7],
[300,7.6],
[300,300],
[0.324,17.4],
[2.561,123.0],
[19.391,3.8],
[17.034,185.0],
[300,300],
[0.749,22.1],
[0.015,0.0],
[300,300],
[21.174,300],
[3.944,7.8],
[300,14.5],
[1.738,115.0],
[0.336,11.4],
[9.463,25.7],
[0.043,0.4],
[163.901,1.5],
[0.308,49.8],
[0.02,0.3],
[300,300],
[300,2.9],
[300,300],
[300,300],
[9.999,300],
[300,300],
[0.171,2.1],
[300,300],
[0.298,9.3],
[300,300],
[0.062,6.6],
[1.091,8.0],
[0.009,0.3],
[300,15.9],
[0.022,0.1],
[0.775,28.6],
[300,300],
[0.076,0.4],
[0.712,1.8],
[300,300],
[1.315,63.9],
[10.764,300],
[21.545,0.8],
[300,300],
[300,223.0],
[300,300],
[300,1.9],
[1.482,77.7],
[0.55,6.6],
[6.366,90.4],
[0.021,0.6],
[1.353,2.6],
[0.602,82.4],
[0.011,0.8],
[300,300],
[0.132,0.4],
[300,300],
[0.073,1.4],
[24.967,300],
[17.666,102.0],
[1.025,45.1],
[300,300],
[300,300],
[2.601,3.9],
[4.037,31.9],
[0.231,3.4],
[300,300],
[34.703,300],
[0.034,0.1],
[213.646,0.5],
[300,300],
[300,300],
[300,300],
[0.006,0.1],
[300,300],
[4.12,18.3],
[300,300],
[57.693,71.0],
[0.105,300],
[0.202,0.5],
[0.022,0.5],
[0.022,0.7],
[300,300],
[300,300],
[4.724,8.8],
[16.254,33.5],
[0.273,3.4],
[300,300],
[6.282,300],
[300,300],
[300,300],
[1.151,6.3],
[0.03,0.1],
[300,300],
[0.626,1.1],
[0.002,0.0],
[0.094,0.2],
[0.624,6.9],
[0.215,89.8],
[0.051,0.1],
[0.538,1.3],
[0.259,3.5],
[0.109,0.2],
[2.328,300],
[0.961,2.3],
[0.693,1.2],
[0.393,1.0],
[0.043,1.6],
[300,300],
[0.033,0.7],
[0.034,0.2],
[300,300],
[0.077,1.5],
[3.838,9.9],
[300,1.6],
[0.241,0.9],
[1.106,2.7],
[300,300],
[1.199,17.1],
[0.263,2.0],
[300,300],
[300,300],
[0.091,0.2],
[300,300],
[300,300],
[300,300],
[0.226,34.7],
[300,54.0],
[300,300],
[0.383,0.4],
[0.137,8.0],
[300,300],
[0.012,0.1],
[300,10.0],
[300,300],
[300,300],
[300,300],
[300,0.2],
[24.629,26.1],
[300,300],
[300,300],
[300,300],
[300,300],
[10.553,1.5],
[4.927,300],
[0.581,6.5],
[2.553,300],
[1.366,4.6],
[0.113,1.4],
[29.155,300],
[0.032,0.3],
[0.263,1.0],
[0.076,0.6],
[14.594,64.3],
[0.111,45.5],
[1.049,8.5],
[0.7,300],
[5.813,300],
[0.028,2.8],
[300,193.0],
[0.07,300],
[5.644,31.5],
[4.863,150.0],
[300,300],
[300,300],
[300,0.0],
[7.653,155.0],
[0.682,17.1],
[300,300],
[300,300],
[300,300],
[300,4.6],
[1.364,3.5],
[12.417,41.8],
[0.899,8.9],
[0.08,6.0],
[0.032,0.5],
[8.338,300],
[59.433,6.7],
[0.006,0.1],
[0.041,0.4],
[0.274,1.0],
[300,300],
[300,300],
[0.335,0.8],
[0.492,38.3],
[0.243,19.7],
[27.138,257.0],
[2.473,31.6],
[1.128,300],
[41.92,300],
[300,300],
[300,300],
[0.074,1.4],
[57.506,300],
[300,300],
[0.279,3.3],
[0.218,2.6],
[19.497,13.2],
[0.113,48.3],
[300,300],
[0.076,0.3],
[300,300],
[0.062,0.1],
[0.289,0.2],
[300,300],
[8.518,17.7],
[300,300],
[0.357,59.8],
[0.128,0.2],
[33.312,300],
[300,300],
[0.55,0.3],
[9.164,19.3],
[0.066,1.0],
[6.394,0.7],
[18.237,121.0],
[79.841,300],
[0.108,54.8],
[4.101,25.2],
[300,300],
[0.033,0.2],
[300,300],
[0.123,0.8],
[300,300],
[0.03,0.1],
[211.002,300],
[1.698,39.7],
[0.489,264.0],
[300,300],
[300,300],
[300,300],
[300,259.0],
[0.038,0.4],
[0.166,0.6],
[0.048,0.4],
[259.98,7.7],
[242.412,300],
[0.319,0.9],
[300,300],
[1.541,113.0],
[0.042,0.8],
[300,0.1],
[300,300],
[300,300],
[32.996,60.3],
[300,300],
[0.35,11.2],
[5.514,300],
[1.755,12.9],
[300,300],
[3.856,300],
[0.146,6.6],
[300,300],
[0.01,0.9],
[0.709,300],
[300,300],
[0.263,0.6],
[0.721,10.1],
[9.755,10.1],
[59.46,300],
[0.12,178.0],
[13.408,113.0],
[0.286,43.2],
[0.024,0.0],
[300,2.1],
[300,300],
[0.067,2.7],
[1.212,3.5],
[0.01,0.6],
[0.085,0.1],
[0.008,0.1],
[0.163,11.9],
[1.051,300],
[0.123,7.8],
[300,300],
[300,300],
[7.268,300],
[0.469,10.1],
[4.693,85.6],
[2.311,9.8],
[3.551,27.8],
[1.182,66.4],
[300,300],
[0.502,3.2],
[300,300],
[1.487,1.5],
[0.286,300],
[0.0,0.0],
[7.18,133.0],
[1.14,300],
[253.613,300],
[0.111,0.3],
[0.054,0.8],
[49.337,1.8],
[10.472,7.7],
[0.696,1.9],
[300,300],
[300,300],
[0.685,0.3],
[300,300],
[300,300],
[1.05,300],
[300,300],
[0.247,2.9],
[300,300],
[300,300],
[300,300],
[300,300],
[300,300],
[300,300],
[300,300],
[300,300],
[300,300],
[300,300],
[300,300],
[0.017,0.2],
[0.016,0.2],
[0.021,0.2],
[0.019,0.1],
[0.018,0.1],
[0.017,0.1],
[0.017,0.1],
[0.017,0.1],
[0.017,0.1],
[0.016,0.1],
[0.169,0.3],
[0.098,0.2],
[0.104,0.2],
[0.131,0.3],
[0.107,0.2],
[0.151,0.3],
[0.119,0.2],
[0.131,0.3],
[0.113,0.3],
[0.154,0.3],
[0.14,0.2],
[0.154,0.4],
[0.141,0.3],
[0.152,0.4],
[0.113,0.2],
[0.141,0.3],
[0.072,0.2],
[0.123,0.3],
[0.169,0.2],
[0.201,0.3],
[0.52,0.3],
[0.528,0.3],
[0.482,0.3],
[0.454,0.3],
[0.602,0.3],
[0.497,0.3],
[0.477,0.3],
[0.487,0.4],
[0.548,0.3],
[0.798,0.3],
[0.646,0.6],
[1.135,0.4],
[1.047,0.4],
[0.801,0.6],
[0.869,0.5],
[0.695,0.6],
[0.83,0.4],
[0.734,0.8],
[0.881,0.5],
[0.709,0.7],
[1.089,0.5],
[0.715,0.6],
[1.147,0.4],
[0.747,0.7],
[1.122,0.5],
[0.745,0.8],
[0.795,0.6],
[0.671,0.9],
[1.005,0.5],
[0.659,0.7],
[3.21,0.9],
[3.426,0.9],
[4.61,0.9],
[4.015,1.0],
[3.055,1.0],
[3.354,1.0],
[3.72,0.7],
[2.884,0.7],
[2.991,0.9],
[4.714,0.8],
[7.982,1.6],
[8.105,1.0],
[9.091,1.8],
[9.942,1.1],
[11.409,1.3],
[8.476,1.2],
[13.294,1.1],
[9.743,1.1],
[11.517,0.9],
[10.446,1.7],
[0.0,0.0],
[0.0,0.0],
[0.0,0.0],
[0.0,0.0],
[0.0,0.0],
[0.0,0.0],
[0.0,0.0],
[0.0,0.0],
[0.0,0.0],
[0.0,0.0],
[52.889,3.9],
[75.183,2.4],
[86.433,2.6],
[58.509,2.5],
[55.32,2.5],
[69.273,2.3],
[78.813,3.0],
[95.033,2.4],
[69.65,2.4],
[43.642,3.5],
[192.131,4.5],
[165.578,4.6],
[200.419,4.7],
[191.773,5.3],
[245.76,4.4],
[139.066,5.1],
[197.557,4.2],
[164.974,3.8],
[170.22,3.5],
[283.026,3.8],
[0.001,0.0],
[0.001,0.0],
[0.001,0.0],
[0.001,0.0],
[0.001,0.0],
[0.001,0.0],
[0.001,0.0],
[0.001,0.0],
[0.001,0.0],
[0.001,0.0],
[0.003,0.1],
[0.003,0.1],
[0.003,0.0],
[0.003,0.0],
[0.003,0.1],
[0.004,0.1],
[0.005,0.1],
[0.004,0.1],
[0.004,0.0],
[0.004,0.1],
